structure(list(model = structure(list(coefficients = c(`(Intercept)` = 19.692386381999992, 
GenotypeAPOE33 = -1.2129098253333297, GenotypeAPOE44 = 7.6318646200000035, 
Sexmale = 0.13515175966666906, `GenotypeAPOE33:Sexmale` = -0.86609236833333647, 
`GenotypeAPOE44:Sexmale` = -5.8705187996666721), residuals = c(`1` = -1.6818636320000053, 
`2` = -2.6225553719999999, `3` = -0.42902875200000112, `4` = 2.6869678580000071, 
`5` = 2.0464798980000012, `6` = -1.0841599916666642, `7` = -2.4867259116666665, 
`8` = 2.5886044083333308, `9` = 0.39963699833333211, `10` = 1.2547667183333326, 
`11` = -0.67212222166666846, `12` = -1.2317733266666671, `13` = -3.6827795666666674, 
`14` = 4.914552893333334, `15` = -0.9962414979999995, `16` = -1.0940261980000012, 
`17` = 4.1842836620000003, `18` = -3.1660260280000001, `19` = 1.072010062000001, 
`20` = -0.98362252199999989, `21` = -5.4014553420000011, `22` = -2.2893392819999994, 
`23` = 12.405750178000003, `24` = -3.7313330320000002, `25` = 0.9863570479999999, 
`26` = -1.1502220720000007, `27` = 5.0717175379999997, `28` = -2.324636462, 
`29` = -2.583216052), effects = c(`(Intercept)` = -112.56367570903566, 
GenotypeAPOE33 = -9.5722368165744278, GenotypeAPOE44 = 10.735006536503452, 
Sexmale = -5.7562041236225863, `GenotypeAPOE33:Sexmale` = -2.2808013653224459, 
`GenotypeAPOE44:Sexmale` = -6.7046049370277707, -1.1582339224794915, 
3.9170963975205066, 1.7281289875205075, 2.5832587075205082, 0.65636976752050691, 
-1.5436296464885746, -3.9946358864885743, 4.6026965735114267, 
-1.5761639604923916, -1.6739486604923934, 3.6043611995076077, 
-3.7459484904923928, 0.49208759950760877, -1.2501345004230831, 
-5.6679673204230845, -2.5558512604230823, 12.139238199576919, 
-3.997845010423084, 2.2856106509099083, 0.14903153090990795, 
6.3709711409099086, -1.0253828590900911, -1.2839624490900912), 
    rank = 6L, fitted.values = c(`1` = 19.692386382000006, `2` = 19.692386382000002, 
    `3` = 19.692386382000002, `4` = 19.692386381999995, `5` = 19.692386381999999, 
    `6` = 19.827538141666665, `7` = 19.827538141666668, `8` = 19.827538141666668, 
    `9` = 19.827538141666668, `10` = 19.827538141666668, `11` = 19.827538141666668, 
    `12` = 18.479476556666665, `13` = 18.479476556666668, `14` = 18.479476556666668, 
    `15` = 17.748535948000001, `16` = 17.748535948000001, `17` = 17.748535947999997, 
    `18` = 17.748535948000001, `19` = 17.748535948000001, `20` = 27.324251002, 
    `21` = 27.324251002, `22` = 27.324251002, `23` = 27.324251001999997, 
    `24` = 27.324251001999997, `25` = 21.588883962000001, `26` = 21.588883962000001, 
    `27` = 21.588883961999997, `28` = 21.588883962000001, `29` = 21.588883962000001
    ), assign = c(0L, 1L, 1L, 2L, 3L, 3L), qr = structure(list(
        qr = structure(c(-5.3851648071345037, 0.18569533817705186, 
        0.18569533817705186, 0.18569533817705186, 0.18569533817705186, 
        0.18569533817705186, 0.18569533817705186, 0.18569533817705186, 
        0.18569533817705186, 0.18569533817705186, 0.18569533817705186, 
        0.18569533817705186, 0.18569533817705186, 0.18569533817705186, 
        0.18569533817705186, 0.18569533817705186, 0.18569533817705186, 
        0.18569533817705186, 0.18569533817705186, 0.18569533817705186, 
        0.18569533817705186, 0.18569533817705186, 0.18569533817705186, 
        0.18569533817705186, 0.18569533817705186, 0.18569533817705186, 
        0.18569533817705186, 0.18569533817705186, 0.18569533817705186, 
        -1.4855627054164149, 2.4068866712572614, 0.096663659982389252, 
        0.096663659982389252, 0.096663659982389252, 0.096663659982389252, 
        0.096663659982389252, 0.096663659982389252, 0.096663659982389252, 
        0.096663659982389252, 0.096663659982389252, -0.31881082493701912, 
        -0.31881082493701912, -0.31881082493701912, -0.31881082493701912, 
        -0.31881082493701912, -0.31881082493701912, -0.31881082493701912, 
        -0.31881082493701912, 0.096663659982389252, 0.096663659982389252, 
        0.096663659982389252, 0.096663659982389252, 0.096663659982389252, 
        0.096663659982389252, 0.096663659982389252, 0.096663659982389252, 
        0.096663659982389252, 0.096663659982389252, -1.8569533817705186, 
        -1.1461365101225061, 2.2886885410853171, 0.16001011788270389, 
        0.16001011788270389, 0.16001011788270389, 0.16001011788270389, 
        0.16001011788270389, 0.16001011788270389, 0.16001011788270389, 
        0.16001011788270389, 0.018427644547794202, 0.018427644547794202, 
        0.018427644547794202, 0.018427644547794202, 0.018427644547794202, 
        0.018427644547794202, 0.018427644547794202, 0.018427644547794202, 
        -0.27692133086994764, -0.27692133086994764, -0.27692133086994764, 
        -0.27692133086994764, -0.27692133086994764, -0.27692133086994764, 
        -0.27692133086994764, -0.27692133086994764, -0.27692133086994764, 
        -0.27692133086994764, -2.9711254108328289, 0.2435540084010332, 
        -0.1040312973220599, 2.6650089544451308, 0.13569115852820854, 
        -0.23954210225766581, -0.23954210225766581, -0.23954210225766581, 
        -0.23954210225766581, -0.23954210225766581, -0.23954210225766581, 
        0.25014772752926501, 0.25014772752926501, 0.25014772752926501, 
        -0.12508553325660929, -0.12508553325660929, -0.12508553325660929, 
        -0.12508553325660929, -0.12508553325660929, 0.17792283569841555, 
        0.17792283569841555, 0.17792283569841555, 0.17792283569841555, 
        0.17792283569841555, -0.19731042508745877, -0.19731042508745877, 
        -0.19731042508745877, -0.19731042508745877, -0.19731042508745877, 
        -0.9284766908852593, 1.504304169535789, 6.8187492005530213e-17, 
        0.70356236397351446, -1.1747340124470729, -0.12632365071675866, 
        -0.12632365071675866, -0.12632365071675866, -0.12632365071675866, 
        -0.12632365071675866, -0.12632365071675866, -0.40011875479609466, 
        -0.40011875479609466, -0.40011875479609466, 0.25325675660916253, 
        0.25325675660916253, 0.25325675660916253, 0.25325675660916253, 
        0.25325675660916253, 0.093828441595313006, 0.093828441595313006, 
        0.093828441595313006, 0.093828441595313006, 0.093828441595313006, 
        -0.10405257775817851, -0.10405257775817851, -0.10405257775817851, 
        -0.10405257775817851, -0.10405257775817851, -0.9284766908852593, 
        -0.57306825506125292, 1.1443442705426585, 0.9380831519646855, 
        0.5618293103007741, 1.1420804814403214, 0.21967113663730456, 
        0.21967113663730456, 0.21967113663730456, 0.21967113663730456, 
        0.21967113663730456, -0.033874043985191601, -0.033874043985191601, 
        -0.033874043985191601, -0.0026045704784401756, -0.0026045704784401756, 
        -0.0026045704784401756, -0.0026045704784401756, -0.0026045704784401756, 
        0.27463408572369946, 0.27463408572369946, 0.27463408572369946, 
        0.27463408572369946, 0.27463408572369946, -0.25685477362111409, 
        -0.25685477362111409, -0.25685477362111409, -0.25685477362111409, 
        -0.25685477362111409), .Dim = c(29L, 6L), .Dimnames = list(
            c("1", "2", "3", "4", "5", "6", "7", "8", "9", "10", 
            "11", "12", "13", "14", "15", "16", "17", "18", "19", 
            "20", "21", "22", "23", "24", "25", "26", "27", "28", 
            "29"), c("(Intercept)", "GenotypeAPOE33", "GenotypeAPOE44", 
            "Sexmale", "GenotypeAPOE33:Sexmale", "GenotypeAPOE44:Sexmale"
            )), assign = c(0L, 1L, 1L, 2L, 3L, 3L), contrasts = list(
            Genotype = "contr.treatment", Sex = "contr.treatment")), 
        qraux = c(1.1856953381770519, 1.0966636599823893, 1.1600101178827038, 
        1.1356911585282086, 1.0715573686367328, 1.2196711366373045
        ), pivot = 1:6, tol = 9.9999999999999995e-08, rank = 6L), class = "qr"), 
    df.residual = 23L, contrasts = list(Genotype = "contr.treatment", 
        Sex = "contr.treatment"), xlevels = list(Genotype = c("APOE22", 
    "APOE33", "APOE44"), Sex = c("female", "male")),